4002,2364,3926,7297,3555,9217,7225,6389,8057,6745,5570,6614,1006,4872,7119, 987,9079,9106,2714,1270,1714,9945,4450,4830,4917,5907,6473,4832,7916,7786, 445,5656,5301,6202,1111,5767,6219,2753,6737,7629,7821,9569,6442,4353,9320,2127,1113,6909,9258,6021,6626,3397,5788,2044,2449, 693,5899,7788,4430,3984,7301,8427, 215,4740,6366,4551,4733,2612,1370,4468,3064,5663,5390,8148,2254,  57,7763, 461, 293,3361,4257,9223,1857,5637,2458, 340,4347,4352,1974,8677,5666,2669, 941,1239,6736,1931,8198,4387,3476,3028
 2658,5236,5566,4958,4785,1227,3076,9540,9330,3670,7684,6822,6101,3137,6184,6482,9843,1310,4048,7051,8281,1208,1084,5440,5443,7660, 163,7634,1381,2592,4841,5407,8054,7895,5040,6411,5911,2397,4949,8612,9704,1442,8953,3534,4098, 300,8621, 836,5366, 595,7945,1724,3345,2888,9887,6337, 289,4355,3877, 253,9060,2124,7987,4158,6877,7678, 414,4652,8545,8454,3839,8646,1729,1327, 166,3787,9952,4672,8615,3117,3173,7447,7886,7411,8680,6866,8987,7410,2480,9355,4644,3889,2079,8818,7067,7625,5955,5455,3765,6897
 6936,9893,3376,3771,6227,1922,3667,3224,8899, 952,7575,2234,3808,1462,2398,8430,4284,2498,2388,4732,3382,8838,3846,4858,4050,3147,9291,4699,9564,3245,3363,3040,3396,2165,5302,5466,9140,5798,6097,4756,1233,5945, 848, 318,9894,2523,7981,7074,9585,9533,3674, 542,2651,2186,6947,7016,2325,5031,1717,6273,9889,7900,3470,9385, 158,5436,9068,3905,3918,8507, 965,2578,7298,8325,6488,4196, 359,7354,5219,2915, 301, 610,3640,5958,3965,6228,5395,5876,4142,7071,5847,4511,4518,2550,6706,1369,4161,5425,3221,8886
 6648,2349,2238,4473,2516,2205, 644,7481,4366,1847, 882,6237,6358,1734,7893,8919,3963,9864,6540,5304,4383,3696,3000, 419,8920, 458,4773,3146,4575,8227,7607,9858,1814,9638,4664,9715,3162,4985,9936,2092, 435,1837,2642,9351,4599, 643,7804, 472,5886,6471,5883,3339,3814,6367,3864,2451,5269,9731,1170,7645,5818,4055,9215,7843,7679,7771,9743,4225,6670,1096,1207,9676,1119,8311,9838, 695,7197,1089,5194, 915,4132,2722,7372,,3,6083,5357,4267,9928,3722,9649,5233,2675,3915,7104,1640,4678,1352,1903,7439,7688
  123,8467,9556,2206,6236,5432, 308, 607,9343,1786, 391,9827,9101,4120,6583,9368,6433,4633,4131,3979,7712,5093,8339,6616,7428,1809, 599,9185,6732,9394,3741, 290,7457,5207,5383, 885,9366,9639,7707,6908,6298,3080, 903,1175,6621,9485,9546,6399,8387,5473,6333,6630,8409,3868,3095,4343,9973,8635,6303,1555,3464,2782,8094,3074,4981,9154,3129,6955,2538,1004,4605,5410,7547,5618,6224,5649,3798,7355,8932,1428,2432,  72,2907,7210,2621,4822,3807, 958,9817,7066,1355,6573,5353,1238,5812,7894,2452,6519,7784,5779
 1879, 182,5023,9567,4804, 264,5413, 528,7463, 993,9242,3571,8051,8973,7751,3309, 507,4173,2167,2145,2313,3577,8167,4655, 948,1685,9039,8598,6334,3110,9171,1358,9036, 668,5719, 881,5524, 403,9233,2276,9846,2660,8249,7730,4938,1200,7877,6474,  92,9789, 579,7887,2310,9396,4935,1136, 741,7569,2561,3973,5081,4956, 230, 598,1026,4107, 185,2868,3565,6280,4800,4581,  30,1952,5963,1388,1572, 180,5723,7465,3300,1383,4251,4438,1055,1949,2918,6172,1083,5538,5755,7360,1976,9238,3156,4327,4043,8631,7098,1738
 9916,2645,5385,5480,7567,6197,8966,3600,8613,5910,3774,3292,2802,7357,8034, 730,3185,8970, 477,8006,7854, 800,9025, 494,2999,2677,8517,4361,4085,1313,6985,3287,3925,3941,1078, 345,4600,3852,  76, 912, 207,8297,4332,3301,1503,2495,7021,7219,8780,2731,4271,7523,2738,9759,7109, 992,2099,5072,2870, 513,1676,7192,2219,4627,2005,1702,9008,5389,7284,4086, 589,1798,1456,4836,6610,9177,8706,4646,6137,8658,5581,5810,4671,8338,9119,8681,4213,7286,7101,9336,5027,1396,3009,2257,8989,9288,9169,8110,4298,3871
 9648,5554,2043, 235,3924,8390,7596,4376,5726,1493,3190,2683,5631,9512,7941,3878,5704,6538,3745, 306,6305,4598,6299, 526,1390,6106,8296,8488,1212,7462, 313,2709,3412,6738,5655,8755,5232,8921,3737,4214,9616,3959, 257,5142,8355,5582,2264,2323, 214,7181,9163,5966,2702, 189,3873,4490,9345,2553,7901,8484,5373,1374,3860,4130,7139,1278,4656, 978,8947,9446,7436,3876, 249, 887,7206,5676,8309,9494,1192,1340,7538,7031,2112,6531,6747,8690,3775,7166,1453,9357,2757,6365, 500,6364,5577, 859,6459,7385,5107,4850
 2424,2694,3440,5744,7531,8943,3627,7599,3717,9980,5002,3054,9099,7923,9362,5235,8245,5254,1182,9183,9629,6145,9448,8041,3883,4407,2576,4053,4801,7527,8365,9640,6352,8061,9378,8505,7912,2747,9890,5214,4504,4825,1698,9897,4552,2865,8831,6409,3606,2028,4802,7246,6800,8597,1907,6438, 266,4372,8315,1736,9210,2506,3942,7359,8596,5222,5329,9860, 335,7062,7351,7963,7761,7505,7741,6322,9018,7995,2568,7927,5307,6766,5725,6980,5280, 815,2582,7673,5449, 802,4541,7407,7606, 110,9836,2265,2970,9433,8009,3063
 8982, 719,2415,2463,1156,5665,3616,8125, 153,4765, 633,4014,6095,4395,6578,3424,7466,7615,3120,6301,9680,4445,4218,4159,6497,9558,9063,6585,9811, 692,6447,5563,6371,7922, 399,9347,7269,7381,1610,1672,4613,5338,9677,8261,2852,3573,2729,1198,3934,8096,6484,1008,5495,9439,5942,5156,6375,7245,3238,2066,8747,1774,8586,8152,6532,1936,5192,5057,2222, 686,6631,4141,1195,8572,3407,8118,1514,7511,2199,4033, 463,4127,8556,3429,,9,6862,8501,7769,3275,5380,2271,8340,6486,3008,6997,3568,1257,4401,2187,9607
 1490,6769,4345,5198,7398,6981,7007,5442,4242, 685, 327,3680,8443,7947,1071,7577,4547,6117,4299,8585,5088,2755,7783,4176,2282,2745, 893,2891,5064,7242,6165,6946,1818,1073,1579,2457,2898,1482,  80,8483,1630,1417,2087,6100,7676,3408,5786,7190, 723,8607,9736,6331,7209,1040,5006,3962,1166,2649,8410,7083,5368,1067,1050,5493,1611,5584,7636,2128,8030,6214,1397,9007,1283,1997,1501,9620,6395,6704,5794,6675,4693,5639,6194,9611,1946,6834,7846,7739,5272, 376,3234,  36,5221, 984,9668,7014,3998,6558,2232,7943
 5319,1658,4969,4536,5930,5572,3574,3252,6746,  44,6775,7185,5000,4292,2620,7292,1197,4004,9168,6843,3337,8003,3647,4094,3082,2175,6216,3867,1835, 499,9548,7258,9150, 684,8608,9058,4318,6353,5914,4542,7692,6006,4975,2768,9978,9092,6518,7510,8337,6113,6864,4857,3105,5478,4533,4597,2250,8627,6468,6448,3005,7902,8839,9940,2196,8693,9787,6093,8494,2844,1205,8144,3890,3378,9700,4848,4829,8700,8669, 217,5169,5265,4044,7038,1204,5043,9324,9208,1601,9083,3485,3809, 683,6388,1311, 303,5660,5166,5049,9851
 7879,8178,6920,4486,6012,9728,2246,6187,1705,1508,3738,1909,1077, 831,2173,7238,6652,2478,6668,4051,5216,2384,8024,6546,2974,9563,3431,7315,6836,7670,6545,9029,7816,8433,7529,  83,1344,7267,9009,5849,6002,3806,4727,5464,4365,9287,8865,4119,7750,2822,2088,1386,7580,6953,9088,3760,3113,3898,3707,4535, 734,7493,9918,3729,5561,5431,7331,8450,8910,6238,  59,4632,9733,9523,4543,6427, 548,9402,5195,4817,9786,1800,3091,9586,3625,4156,4766,4207,3842,6387,3533,3635,9737,8445,7868,8639,6796,3484,1262,4819
 7612,7542,9725, 224,8795,8830,6382,4506, 120,7494,1211,4259,8534,7330,2239,7725,6370,3989,7438,3617,9600,6552,1811,9145,5405,5087,8288,9697,2183,9424,4441, 204,5600,6767,1030,  88,6536,9476,6569,2284, 124,4099, 930,6182,7348,2987,7609,3719,4642,4987,1060,2540,7758,7251,2266,3543,8425,9066,9506,1710,4415,6594,8834,8638,7122,2267, 475,8692,4482, 549,9477,9443, 667,3186,5047, 647,5348,7124,9375,7931,8961,9994, 397,5689, 241,5749,5615,5056,3895, 783,8435,2914,1357,7262,5720, 245,1263,3845,1740, 147
 8130,1339,3900,3350,2699,1305,1471, 640,7766, 154,7597, 936,3988,6319,6362, 879,7241,5288,1987,5485,1496, 777,6022,1815,6063,2639,7834,6791,8807, 767,3997,2531,3521,8676,4814,7586,2123,6262,7952, 627,4273,1351,9135,4571,3057,7622,5378,1519,4030,1596,8176,4413,8567, 584,9372,1704,6949,1505,1856, 873,4851,4665,2619, 126,9286,2910,2211,1483,3212,8345,5342,3581,5567, 113,3932,1242,5255,8679,2472, 323,6771, 443, 412,7203,4514,4866, 242,6503,5589,6914,5459,8604,1914,8451,9872,6213,3418,7506,2016,2750
 8651,9467,9230,1629,9449,6918,8439,1443,1126,1280,1290,1391, 324,4940,8031,9339,3859,9024,9632,5912,2302,9662,6118,5525,4902,4986,8678,8203, 899,9302,7602,7171, 811,4911,9401,8945,8389, 717,7392,4440,6525,5756,5417,1701,2012,2644,5670,4398,9004,7156,2286,5953,9528,7540,6587,2084,8566,7378,1990,9661,1716,4925,9103,5306,2634, 652,8815,2077,7183,6815,4564,7324,5559, 286,8571,6491,3656,1675,9201, 657,8393,8890,3705,2818,5274,1248,6037,7077,2583,2961,1917,8334,8154,8855,8461,1683,3169,  41,5954,1341
 5298, 298,3043,3388,9884,5427,6885,8712,5117,8489, 460,7232,6142,7863,7075,7108,3637,9430,8664,5674,1196,7621,9865,6245,2434,1864,4418,2927,6805,5947,1591,9581,3094,2459, 963,2840,5360, 183,8022,8555,6357,9861,5622,5100,8065,2227,5681, 530, 867,8927,9134,3943,7833,5961,3167,7076,4026,3539,7336,4402,4200,5843,5796,1750,5303,6147,5552,3051,5138,2662,  20,7106,4997,3502,5059,7757,5532,  19,6838,6547,5507,8846,2209,2901,6667,9095,5613,2275,3880,1149,3996,7159, 261,7856,7664,2601,7589,1967,7790,9157
 3277,3409,2189,2994,6190,6122,9462,3986,3712,9245,9871,5824,7036,  95,4205,8538,9876,2157, 827,7025,5602,2147,1429,6166,2497,7760,3584,8816,4045,7451,7167,5822, 514,6055,1123,3497, 139,9441,6551,1362,1128,3978,9587,2678,1877,3511,3007, 615, 926,6945,4049,  54,3266,3150,7619,8322,7361,8981,6515,6320,5133, 148,1720,5326,1253,6268,5247,8660,3111,7509,7803,9114, 546, 377,6684,4923,6325,1100,  18,9664,2877,8172,9529, 613,2020,6725,1971,8233,6274, 486,5781,3899,9085,4947, 943,8644, 803, 819,4934,9880
 5228,1951,8219, 637, 602,2635,5889,2067, 271,4606,2035,9073,8381,3454,3053,3912,6112,4748, 703,4096,8573,4454,8418,8778,  89,6816,4377,8809,4780,5189,4031,8769,4974,8177,9986,3154,9963,8915,2930,7774,6628,1641,7875,8732,2268,5823, 680,1708,2460,5844,5772,2450,2311, 896,1184,9040,6159,8558,3685,1218,5520,7282,4989,6560,8883,5438,3351,5293,9869,5205,4125,8933,8131, 169,1022,9550,1557,7773,7781,4204,5536,3086,2895,1265, 655,6564,1209,5489,9076,9579,8877,3821,3540,5399,6381,9627,7591,8132,4419, 520
 3598, 444,9823,9250,4833,6059,9929,2139,4786,6690,7268,1484,4743,4891,6542,4238,4909,3208,5696,5250, 701,8163,  64,6758,1609,6645,3835,9570,8081,8401,4907,9776, 278,3219,3355,3857,3628,8650,7002,2380,2324,8853,7478,2351,9654,4432,8974,5521,9992,1520,1481,2751,8371,2107,7501,5923,9803,2878,7881, 804,7640,5591,5259,3710,5369,2050,9582,3332,8282, 571,8772,1038,9726,9155, 262,6429, 778,4296,1173,2575,5204,5800,8774,4996,7305,4666, 413,8374,5096,8263,6651,9623,4914,7340,2761,5007,3030,9742,1713,7379
 5275,7740,5217,9706,8936,6683,6719,9695,9917,4321, 497,2161,6372,5729,3342,5479,4329,1649,2207,3403,2003,2344,9001,5952,7828,4220,4976,8593,1046,7055,8045,8446,6951,2326,1135,5662,3614,7746, 561,3383,9796,5851, 225,9307,3830, 296,2131,7229,3389,7755,9427,2912, 808,7669,1637,3269,4573,6065,1944, 131,7648,1068, 622,4325,5026,1758,3928,6625,1891,7117,6417,6251,5985,3273,9118,8287,5336,8073,2407,8804,1523,3260,7558,7488,8187,2957,1537,4723,5803,5354,6338,8845,2081,1656,8758,7102,4226,7455,5855,3549
 9059,7738,7838,3970,3124,3618,3728,3310, 558,5496,9262, 256,6490,1707,2330,7395,9970,8140,1669,6068,8991,7768,2816,7150,6292,  70,5861,1331,5071,4762,9670,5890,5895,4865,8805,2943,7127,5381,1795,9055,8474,1754,7215,9771,4971,5579,9397,5200,4270, 130,3191,7555,3419,5271,1553,4073,3498,9268,1316,1306,6764,9236,1356,7530,9541,8426,9481,9553,8684,3804,1574,1832,5695,4889,4645,1474,9222,6613,6078,6793,3679,7421,4779, 665,7280,2820,5938,3561,9415,2796,6070,1419,8622,1991, 750,8314,7775,9977,6446, 924
 8326,6595,8285,2954,4979,3182,2297,7723,4409,3036,6478,4340,3906,9578,1329,2613,4219,8971,4157,2093,1237,9804,9667,6733, 312,1657,2387,1076,1063,5229,9012,9496,2018,2939,1041,9960,4183,5793,1664,4090,1889,3181,4457,8224,3045,1833,7419,9966,2736,6252,3826,7898,8075,8668,9705,4442,3299,2507,9734,2809,6861,7778,6740,6659,6279,5120,1421,7430,9998,2806,7777,7638,2504,9561,1645, 932,3752,4087,5090,1638,5984,4554,8492, 394,8894,8861,2083,9999,9825,5506, 276, 170,8059,5698,6506,4408,5045,7659,6743,8603
 8382,2427,8324,6935,3930,7885,6859,5492,5799, 142,7549,3623,3560,7827, 681,5448,6102,4604,3836,9327,1478, 895,7504,1819,8341,2510,4846, 916,5268, 480,2899,5379,7507,9338,1416,2859,  93,6437,2341,7046,6988,8313,9312, 721,1354,7752,6105,1252,9239,8246,3692,2008,1146,8702,8528,4669,3500, 900,6226,1781,6210,2166,1867, 931, 846,2403,1426,8836, 254,1905,1373,7618,7806,5750, 696,6307,4639,5965, 967,8685,5470,3633,9762,2078,7675,9435,2537,8312,8633,2361, 814,4235, 175, 976,7793,5037,7387,5334,2733,3326
 3554,1770,1790,7681,1132,9428,8157,9180,3556,3302,2013,6591, 677,3504,3012,4320,9767,1817,4297,2260,1756,3251,8142, 631,1485,5098,9138,5462,1161,3256,1919,5716, 459,6183,2842,6179,5897,7358,6476,7169,6020,5527,5996,4844, 473,2109,7993,6921,4887,3274,9699,3198, 950,  61,3936,7037,6785,2365, 364,6636,8548,2004,2470,3740,4346,4067,4042,9447,2052,7406,7919,8655,8112,6671,9775,4154,8716,8399,3664,5978,1796,1285,6269,8240,2856,8099,2558,5036,1020,2464,8268,3373,8149,4192, 711,3033,8908,1412,8588, 845
 9181,9282,9105,4681,3338,5085, 348,1395,4936,5551,9437,1080,2261,6275,6850,7915,8209,1164,3027,8643,1332, 798,3586,6968,5733,6754,4170,  58,4712,4110,5014,2623,5616, 102,7603,4455,2643,9414,6206,1845,1048,8103,3875,5533,4421,4006, 586,1109,5807,4278,8060,9603,9750, 332,5991,4230,5028,2481,1580,3142,9618,3385,8097, 829,7958,1584,4864,5034,5160,5980,2308,2197,3910, 679,2618, 329,1743,8305,7070,9137,8197,8768,7161,3132,4433,5239,2813,8515, 935,1538, 406,1634,4054,9057,5277,1994,7345,5715,1668,9606
 5569,6057,3638,2765,8532,4726,2977,6915,4357,2875,8674, 474,2224,2071, 386,4467,8363,2526,7836,4753,1983,6185,7601,2830,5225,9678,4349,7554,6308,6025,3749,7120,2103,2774,1885,2570,8444,5430,7791,9599,8620,2638,6608,4151,6601,9393,  38,1118,2076,4539,9107,3548,3681,2577, 103,4425,5875,3770,7553,3690,5918,1183,2374, 566,3723,2543,3283,7347,6612,4181,8562,5030,6588,9491,8202,9985,6647, 635,1013,6702,6350,  34, 137,3184,8636,3715,9284,7281,8194,7424,1168,8868,8412, 490,7100,1222,2331, 449, 109,7175
 2862,3813,4578,1007, 427,1605,1432,3103,8854,5264,2590,5862,1273, 642,9839,7152,2021,6035,3602, 470,1497,8536,7798,9753, 157, 524,8889,3961,1820,4301,1447,1528,6489,1581,3477,9626,6058,4622,3881,2017,7972,6584,1739, 411,7568,6579,6480,5488,8184,5673,7896,2225,2794,1759,4247,  77,7317,4140,6529,2319,4768, 953,  63,2916,8977, 928,7984,2259,3445,  13,3657,9818,4465,6790,3298,6695,2841,2360,4305,9147,5909,7992,4424,9305,8962,6561,8703,3228,2720,1160,5363,5460, 760,1284,5768,9361,3620,3726,2327,8835
 9534,5737, 955,7974,4618,6146,3271,4426,4908, 909,2711,5042,4574,4029,5763,4668,6016,8847,4088,3241,1899,5680,9318, 556,6751,5852,5555,1288,1616,3187,2564,2972,4274,2142,4139,7089,2321, 968,6807,6976,6975, 140,7665, 591,8330,4853, 755,4717,9253,5746,9809,9348,5418,8539,6511,7632,2708,6696,4983,6317, 350,9381,4155,7982,3711,7650,9104,1948,4795,2474,4342,2446,4354, 874,8283,1139,1098,3499,1323,8377,3022,6374,4719,1377,5968,9488,9829,4827,3957,4485,1812,9877, 632,7477,1978,1463,3061,6811,2676,4890
 1929,4040,1802,7801,1534,8543,3243,2849,5328,2719,7189,8900,6111, 179,6679,5880,7870,7779,4763,3279,3974,9868,8383,9306,2169,4906,6266,4959,5161,1433, 218,9019,1435,1556,7072,8789,5382,3506,6881,6501,7930,6452,8462,8960,8785,1034,6047,9325,7115,8848,7512,5365,3197,3646, 736,8274,2652,5612, 749, 382,7754,9984,2766,9790,8362, 641,2622,6787,1776,2810,2466,5253,2061,9888,4399,9184,7944,7971,7050,6966,9740,5537,3528,6995, 517,2503,4595,7920,1910,6589,2068,3501,8069,2600,1550,2749,8600,1095,7518,6808
 9199, 985,6657,6927,3524,8237,8995,3415,8114,3724,7001,1558,4608,9283,7764,,1,5806,1969,9021,8859,5802,6789,6554,3597,2873,8722,6703, 550,2000,3317, 105, 237,7239,8320,1956,1985,1470,2236,6075,2229,4209,3955,7957,8733,7326,5428,3240,8696,9684,7693,4982,2853,5181,  52,3386,9133,8526,4384,6640, 913,3270, 962,1718,6001,2698,6768,6336,4752,5184,9285,7498,8799,8777,5831,1773,5684,9069,1348,3828,6812,9798,9174,1062,8317,2190,1249,8537,2625,9792,7541,5311,9198, 877,2476,1915,3325,  62,5344,5820,5642
  196,1621,5801,7386,7464,1775,3791,5973,7145, 869, 165,6582,8860,4549,  60,6072, 149,5387,5469,9041,4544,6436,4881,6018, 830, 277,2214,6797, 569,6978,3515,3214,4570,4724,9331,8609, 150,8218,7871,6991,8265,4716, 906,7180, 384,4331,9090,3203,1217,1785,2040,4487,7394, 479,1472, 977,3015,6586,9983,9395,  53,4058,5101,9551, 583,4021,6835,3290,5713,9972,1314,5753,9559, 451,7084,3748,9332, 634,6880,9831,9464,8254,9807, 432,5993,8503,7524,4312,3450,1057,4417,4963,3911,8348,6434,5790, 453,4135,1831,8032
 6517, 743,4623,6801,3489,8192,4913,7332, 496,6086,3421,7908, 796,2318,2609,7890,3393,2242,1744,2074,7519, 512,7256, 919,9575,1777,1746,1297,5751,5789,1732, 145, 284,2581,5121,2559,4100, 202,3547,9874, 901,4658,9968,9280,5759,7658,5231,1346, 167,6759,7053,8078,1849,1551,1687,3451,7138,8361,8986,2737,2629,4489,9127,6507,7535,7125,4900,3954,3217,4875,5135,7812,3107,4915, 742, 211, 672,7808, 612,3192,2993,8466, 491,6119,9834,7403,2210,7349,3143,6356,1509,9153,5627,5463,8955,2247,7701,8182,4290,4444
 9724,8761,8713,3522,3194,9686,1567,5069,1414, 726, 378,7866,5605,9794,1578, 713,2554,6642,3392,1177,7475,7964,9478,1529,5694,3307, 487,8776,7063,2509,6568,4378, 759,2605,6170, 100,9813,8764,2874,7906,8298, 483,1881,8531,7369,1723,2604,8783,2133,6196,7867,6321,7545,9981,  91,8350,2444, 438,7068, 763,5001,6646,2104, 937,4311,9537,7113,7796,8840, 192, 822,3478,2991,9660,4729,2770,4254,  40,6839,6840,6716,6479,5273,  97, 745,6528,8386,8998,4083,2453,2904,5848,5132,1009,1533,4046,1363,8318, 319,5688
 7452,5585,8791,5814,6993,1972,2767,5051,5586,6887,2801, 469,9023, 710,5623,  66,2058,3648,2799,8017,6868, 614,7613,6053,5401,5095,9763,7153,5340,5564,2851,3077,3427,1964,8744,8701,3229,3764, 799,3070,3983,6848,3767,6242,3725,6687,6294,8349,9857,6207,4611,4194,7467,5238,6875,5621,4447,6220,3619, 715,9521,1361,2346, 951,4812,8490, 649,6109,7662,7913,2054,3329,9555,9510,1895,4948, 136,4371,2666,8790,6169,7391,8472,7024,7364,3929,7815,1924,9793,9663,7668,3066,4928,2823,4820, 966,7316,5777,4412,8417
 2111,3213,3609,7653,7095,2716,8554,5611,3072, 564,6418,2574, 187,8662,2648,8122,4328, 835,3850,5557,9333,9335,8711,1524,3659,3713,1214,2045,8004, 104,9698,1968,7666,2278,5771,2524,4811,6825,1906,3443,5437,1700,3699,3157,9432,7644,5604,4999,7715,1730,9002,7630,2657,7699,8661,9130,7154,4434,3980,9855,6163,6842,8005,7343,4873,3744,6258,1593, 305,9344,6678,3708,6837,8253,2412,9572,8134,4843,9281,7188,6708,4994,3579,5451,8817,3423,9365,5647,6209,2285,2223, 326,3323,1607,8292,7924,8046,2984,4901,3840
 3789,5620,3047,4918,3204,1309,1541,9421,8640,8576,8120,7948,5721,6143,3553,2979,8123,5052,6526,7762,2866, 572,5396,7259,8289,7435,4558,9735,6865,8767,4764,2917,8924,3750,5201,9376,4039,5032, 991,3439,1181,7409, 283,7151, 410,8295, 559,6781,7962,3321,6662,5736,4307,7279,5106,4255,8731,4630,2089,4810,4964,7872,2701,6939,5356, 983, 106,3709,5860,4561,2336,8449,8183,3663,9026,9885,8236,2527,9109,5091,2534,6193,9549,5625,8808,1825,3634, 442,4747,8709, 383, 162,9594,2057,5987,9531,1476, 128,7550,6296
 2734,6038,5309,9051, 578,3139,9562,8271,3206,6148,5970,8438,8930,7503,8544,4488,3473, 922, 429,4461,9696,1176,6884,4420,5491,9197,9195,9530,2938,2784,2248,6287, 389, 523,1862,3019,7329,1589,5131,6092,8710,4263,7826,3952,3903,5929,7859,1620,5651,8957,7951,8862,8038,4967,5863,3590,2370,2689,4580,4381,7978,8653,3258, 812,9295,9231,4674,7976, 824,6306,6826,8370, 651, 625,2781,7121,6066,7592,4662, 886,1240,2975,6443,9257, 112,4256,1947,6959,6074,1943,1617,7308,2164,3693,2371,9593,9251,7338,2541,6104
 4731,1535,7897, 409,5016,4859,7437,7566,6559,2029,1298,7135,1015,9853,9943,5864,3104,9228,3425,6265, 754,8367,2617,1653,8990,4834,5941,9554,9411,5157,6527,5951,9622, 609,9996,8396,3048,8781,  56,6721,2007,3441,4895,3946, 862,9212, 621,1376,4231,6961,7130,4880,2624,9584, 910,5393,9360,2477,,6,3155,1600, 337, 344,4636,6701,9752,9685,5885,6042,4826,4310,1150,9824,5230,9655,9128, 905,1465,8159, 918,2848,4869,4675,5983,6644,2905,7390,4217,6943,5377, 551,1153,8867,8999,9064,8424,  94,5839,1860,3375
 4568,2143,7682,9187,3237,1521,4338,1923,8302,1882,9691,8294, 849,8954,6575,7849,2571,1308,3572,2290, 428,9272,8213,2404,1692, 720, 970,7003,5867,5523,7296,3003,2317,3426,2126,7965, 441,5075,2037,2213,7716,6950,3945,8250,9229,8903,2933,4056,3982,6377,6590,2742,9323,2544,2896, 707,9590,8909,6191,9410,8347,9243, 310,8972,8259, 555,7323,2053,2886,9914,8530,6309,6034,1531,8200,7274,4852,6714,7118,8020, 371,9146,4123,9768,4807,7182,6900,9237,4272,8115,3607,6872,8143,4797,4493,6563,9915, 581,2627,1711
 5345,2900,6817,3291,1171, 342,9538,8728,5404,9962,1431,9971,2105,5279,9399,8686,5840,3990,5573,3189,8675,4495,7918,8010,7377,7458,5550,2098,2235,3370,6878,9566,8896,5083,6408,8935,5202,3636,8293,7090,6449,5458,5943,3904,4532,7809,4178,2555,9923,4650,3239,9314,7687,  74,5668, 739,1697,7880,2872,1254, 465, 545,8469,2992,4187,2039, 415,3730,1085,7795,1120,1545,4260,8594,6958,9591,2606,6204,6248,9957,6661,5170, 842,4692,5262,8864,2883,8997,5732,4771,8509,1727,6533,2522,6435,5481,4550,2978,2519,7956
 8248,8723, 515,7960,3328,2913,7487,9828,7198,4462,7440,3794,4711,5331,4816,8829,9391,6152,4931,6239,9612,2614,2488,1274,5224,  78, 361,9407,4250,4180, 856,1804,5178,7946,6680,2277,7736,1070,6423,7164,5598,8477,8217,5199,7000,8129,4648,3264,5256,6244,1104,3660,1261, 708,3331,5608, 807,1398,8067,6803,8618,3735,6677,6487,6380,5450,4879,7346,4596, 248,2468,6340,1102, 661,8453,3714,9470,7832, 518,4757,6761,3599,9837,4036,1975,5323,4396,4894,7647,1275,5913,7105,9951,1741,1347,4838,5346,3622, 231,7671
 1065,9061,3993,8156,9490, 957,4680,4109, 152, 287,2378,8741,2945,3406,4524,  27,4037, 568, 522,3892,2172,2599,6440,1745,5565,4313,6867,3088,1202,4634,6485,5500,7187,4794,1666,4437,9514,9111,6324,6444,6520,9801, 791,9507,3089,5859,3557,6849,8759,6230,7563,3691,5903,5297,5735,7600,8437,7822,6580,8944,8476,7416,8416,3253,8220,4530,7991,9293,5245,2389,5685,4647,5699,6246,8241,7683,1141,2420,1473,3509,6609,6201,7335,4223,5619,9052, 714,6891,3201,2448,2056,6813,4115,6604,1695,5310, 786,9522,4168,7079
 1072,3781,2379,1886,1614,7236,5776,7483,9463,7748,8052,7925,4146,8647,6071,9221,5292,6107,8016,7851,7170,4583,7581,1850,5531,5669,7544,2942,4525,1841,2473,7614,4286,3967,6060,1688,8698,3517,7133,7989,4147,1868,2690,5576,4370,9748,4688,8155, 656,6709,9815,8221,1480,3585, 838,4435,9383,7220,7218,2929,4667,6426,4062,2967,6692, 770,6363,3490,3223,5502,9682,7431,3257,8852,9346,2903, 534,2902,3200,5352,9005,1725,7772,4458,9461,7548,5853,7376,4750,5624,1791,9364,5592,9482,2631,3422,8384,8905,1689,6752
 6510,9774,3249,9047, 372,4295,  26,6017,5905,1101,3404,1753,5934,2418, 288,9949,2772,2867,9895,8291,5416,6052,9193,8100,6424,1225,2343,3966,6263,4322,9621,3795, 247,2679,2566,8541,5661,5183,8360,7086,8828,2097,2062,9722,6315,7652,5517,1145,4751,1588,5741,7423,3128,6295,6830,8929,6598,2337,5130,1599,7157,9087,2352,5997,2073,3112,2442,2136,8478,2185, 417,3505,8083,5343,6948,9904,6477,7829,6731,8522, 505,3254,3160, 897,8870,8211,2715,5764,7191,5167,7970,3682,4027,9643,6199,3442, 151,2014,6036,3227
 1143,1979,2804,1110,3034,2880,6225,4877, 565,7572,5928,8788,2151,4942,1779,6603, 347,5339,1950,8267,9429,7303,3285,1359, 108,6970,3360,1452, 338,6924,2793,7489,7966,2864,7720,7969,1560,7534,5062,4314,8215,8210,2383,5787,6649,1823,2422,9086,8104,1372,7792,4718,7155, 400,9574, 768,9881,4264,1639,8310,4745,1232,  24, 107,9115,8228,1023,1633,5139,  29, 176,9316,8568,6712,2038,5752,5179, 883,5832,7306,6629,5074,2063,8663,8813, 841,8951,3041,4522,2739,3035,2410,7272,7144,9605,5211,4319,9777,5804,8565
 6783,2995,2871,2562,4448,5320,3281, 878,3165,6711,9636,8047,6260,8135,6241,9129, 813,2593,6326,6669,8141,1165, 422,4572,4513,2931,1489,5115,5870,1628,2096,6903, 638,3031,8784,3417,1652,1674,8551,1367,1988, 385,3017,9387,4105,3466,4587,5633,5171,2417,7695,1604,8727,8243,1510,7061,4792, 562,2484,2402,8033,7820,4064,8068,1590,8485,8458,7654,7953,2304,5606, 450,3888,5714,1757,6637,3815,3570,1805,  67,7807,4988,8260,3694,8356,1364,7656,3175,7212,6634,9840, 805,9933,5765,7722,2204,8617,3823,8938,3115
 3939,3523,8851,1260,9944,7082,5151,6639, 839, 576,9460,4704,8495,6856,1721,7132,2546, 645, 972,5960,3886,1167,4896,1921,3081, 825, 251,8575,1788,6153,2122,2192,3468,6125,8111,3496, 921,2579, 547,5878,2148, 927,1822,9425,3436,2492,3354,6151,1461,6726,6911,6208,9841,1703,1761,1592,8715,4903,6572,3168,1384,8301,8191,2528,5760,8153,1272,2443,4211,5578,1389,8402,3374,5486,6663,3207,4512,8511,8720,5261, 844,5414,6788,3531,1400, 373,3068,1256,1595,6027,6967,7869,3293,8843,5137,9702,9527,6323, 267,9186
 8179,1464,4199,1762,9097,4394,3465,6819,8902,7221,2469,5657,2513,6217,5691,5919,3632,3907,2015,3587,5774,4505,3023,1424,1935,7453, 998, 233,8189,9204, 213,4968,6463,2439,3817,1836,5105, 362,8552,1768,1747,7780, 439,9596,5241,9403,7266,7097, 390,2048,2140,7745,3459,7620,5060,6140,7141,4933,7983,9526,9226,8428,2158, 437,8084,5773,1680,1409, 492,6773,8242, 138,1300,3950,1094,  23,3788,6445, 789,3410,7314,7313,3518,1498, 718,1829,7365,4015,1527,6534,9409,2455,4216, 260,3458,4500,7874,6715,2997,3879
 5044,5061,1206,9417, 268,3739,  42,3550,2445,7234,8216,3519,4742,6650,4713,8858,7933,8729,3314,1188,8185,1186, 292,1375,4239,7770,4990,7556,9969,2362,9495,8827,7598,9367,9213,8842,5512,9149,7368,9557, 797,4612,3384,5249,5434,6593,9037,9842,3453,6926,7149,2833,2024,6164,2292,  51,1955,5070, 320,2200,5011,4855,9703,9982,5055,4069,1117,6419,9925,4405,1317, 279,4279,1632,6776,6699,1380,9300,5949,8672,9665,  99,1151, 291,8553,7564,2517,4556,6253,8279,6910,3891,9175,6722, 349,6535,2726,1264,6278,1939
 4654,2195,9650,6930,7767,4364,9520,9942,3448, 206,7420,5017,4760,8128,6361,8671,7422,6802,9487, 801,9094,3689,2743,9751, 498,2347,4973,7059,1075,2482, 346,7721, 216,3525,5465,9862,8496, 172, 944,7073,3834,4281,3526,1586,3176,5893,6987,5197,6342,6521,4477,6831,9997,6255,8965,9995,7876,4333,3532,2512,6180,8881,8109,4097,2595,4954,5112,5003,1107,1517,1504,1230,9279,5522,4676,6931,2928,6576, 160,3510,6688,7844,5008,1371,5335,2085,3833,5648,2293,3778,8950,3866,8964,5514, 328,1268,8137, 360,6044,7975
 8235,1807,6638,4111,7080,1491,3341,1245,8247, 597, 200,4837,6814,7271,1522,1816, 925,2908,7476,1755,2893,7412,1699,9379,3482,4527,  79,4602,1602,7698,6354,1116,7211,4628,2560,1267,4466,8725,7955,2359,1851,7045,1869, 974, 353,7459,1324,9693,3578,2819,4984,9954,9028,8983,7909,1712,6288,9848,6011,4507,3688,4350,1215,5515,5474,5141,3797,9451,5097,2436,7590,5992,9142,4121,3684,7737,8403,7635, 159,2353,9271,2611,7388,9967,3761,5667,3367,7470, 222,2704,9053,4957,8704,8459,9096,8346,4706,4736,1855,9720
 5422,7201,9070,8266,4335,4481,2392,6906, 476,4799,1159,3004,8606, 396,1643,2964,5731,8343,3205,4344,5119,8319,7456,6432,5484,6061,3046, 709, 269,6632,2940,5313,6653,2547,5033,6257,4932, 601,2340,4138,3295,9398,2887,4277,5825,1399,8520,7704,1415,3701,5967,2919,7474,3369,9883,8117,3303,4093,9780,3101,4651,9946,3085, 197,4324,8850,9822,7726,7651,4484,2889,8787,8088,7937,1546,9499,5252,5641, 923,4114,  11, 315, 426,4208,3202,4222, 533,3716, 994,4018,9214,5869,5646, 282,3084,3268,8145,3371,1678,2198
 5775,7371,8146,7445,7819,2220,3743,3216,8269,4617,6120,2735,9939,7200,2237,8344,4590,2983,5607,3135,2218,8907,3491,6351,7173,9356, 467,9337,5587,2291,7979,9458,3779,4215,1824,3706,3133,9308,7800,7514,7499,6972,3567,4190,4677, 236,7574,9206,6890,7374,2950,1138,6458,4690,6691,5805,5887,3358,1516,4545,1694,3576,9781,3226,8329,8029, 969,1993,7641,6664,9091,1623,2552, 423,7932,2396,8255,1287,1321,3170,2462,4362, 724,4980,3225, 369,8798,1937,2049,1468,7573,3021,3923,8258,6082, 664,6818,9359,1771,3621
 8284,4197,1162,1387,5926,9353,1455,5976,8441,9701,5078,2630,8447,5080,9732,2129,9730,2934,8513,3612,8035, 440,6962,5932,5086,5548,8332,8979,8917,8564,2026,6079,5153, 238,7655,6763,5888,2180,9466,3250,1749,6413,8385,6809,4385,5349,3347,7096,5754,3975,2391,6666,8015,5020,3653,5659,2226,6508, 971,5206,1894,5364,1169,9782,2976,3411,8076,8913,2717,5439,2518,7516,1764,8098,1598,3018,5144,9303,8432,9845,8717,6454,8252, 866,5833,4323,9290,7968,2019,2414,9518,1255,1266,1286,1887,2795, 536, 585,8887,4475
 3848,7469,7733,7593,1319,7041,8196,3359,6430,9205,2203,9277,1644,6727, 255,3803, 934,9392,7557, 995, 908,9718,1091,9072, 929,8760,5979,7057,2861,9220,7042,3731,2850, 281,7561,5948,8475,5950,7415,4150,8007,9438,9674,6718,9515,4309, 828,8901,3755,2586,4008,8721,8958,6857,6710,8062,2567,6407,5154, 780,3908,4479,7482,4089, 688,6957,4249,6777,1229,3306,9369,3414,5177,2775,3177,6673,4939,4778,9479, 116,3933,4411,3827, 999,3457,5162,5285, 188, 365,7663,6378,6314,4017,7485,3512,6205,8550,8610,2959,8299
 2091,9938, 722,5650,9480,8583,9469,8411,8095,4422,1608,6755,2828,1220,8093,2333,7608, 646,6689,4397,1130,9659,2563,8493,6254,9416,9123,8527,3387,3538,5671,8952,1236,3180,8121,4492,7429,6548,9249,3280,6543, 416,8792, 209,3462,7163,7787,1870,9959,5697,2440,4360,4020,2653,4077,1403,2009,3783,7058, 600,4359,9254,3062,4400,6005,4052,3520,4403,6794,3537, 352,4162,8975,9493,8225,6804,5190,6383, 336,8667,4341,9633,1793,6964,8074,7724,1408,9770,3231,4491, 793,2354,4930,8300, 511,9757,6619,5386,9568,7341
 5188,1337,8811,1655,1494,1203,4428,2494,2023, 125,1246,1082,1874,6302,8380,7441,9814,6286,3645,6829,4897,8208,8168,3642,1900,9304,4517,7977,7998, 772,7322,6874,6039, 155,3494,8697,1385,8969,3209,8641,7500,2633,  82, 765,2780,5826,3703,4188,8419,3591,6512,6681,1806,3872,9646,2876,4961,9908,2776,1960,7006,6343, 495,4186,2428,7039,5186, 455,4824,8963,4582,9614,5315,4631,2249,3278,5077,5638,6472,9892,7950, 141, 357,7413,8238, 314,3937,7165,4615,8750, 190,7217,8087,9151, 543, 508,7623,9913,9503,2401
 2783,6753,2962,9745,7718,3131,2177,5158,4074,1827,5986,3819,9042,7628,8251,3335,8048,5076,9847, 774, 193,5218,1382,7994,6461,3144,9455,7672,7899,8879,9805, 519,5150,9747,4661,6994,6549,7287,6717,1405,5865,6110,2684,3038,3049,9126, 208,1954,8307,4798,3244,7426,5358, 161,8623,9273,1191,7026,8080, 888,1659, 855,5257,5936,2610,6211,9919,4818,4106,3357,3330,8165,9852,2110,5770,8821,8448,4585,5376,6412,7325,2279,3615,7883,5742,6026,2826,3863,4670, 961,7513,6929,4185, 832,7473,7892,4028, 853,2661,8533
 3394,9947,6080, 580,2958,6729,8304,3563,5400,9927,6571,1682,5933,4559,3153,8506,3801,1014,7270,3020,6094,7414,9211,4531,4782,5102,3438,6046,9006,6188,6600,7208,3777,7028,5819,8011,4228,2695,9445,4553,8946, 795,1219,8996,9816,5797,2178,8481,7243,3166,6983,6329,7160,3686,2090,9565,3861,4774,6049, 854,6313,2508,7177,5053,4540,9419,6168,4885,1573,4577,4145,3545, 244,1911,8673,3493,7710,4610,2159,6330,4470,6919,6960,2926,5539,7996,3230,3433,7432,9808,8514,4193,4882,7496,1499, 756,3090,1539,4414, 466
 1224,8002,4041, 788,3461,5995,2253, 425,9671,9412,3044,6665,6192, 889,6860,3039,4641,8116,5858,5747,9666,8656,8949,3559,1992,2132,6996,6698,3700,7517,2065,4153,2086,1157,7988, 129,2948,8707,4198,1898, 746,2920,8832,6779,5917,3822,4483,6934,7035, 892,2762, 753,2108,5626,  90,6033,4227,6200,4955,5884,4526,2607,2835,2046,5424,9408,5084,2548,8460,3305,1427,7230,4831,6138,3874, 239,8173,8201,1865,2001, 733,2778,6067,4904,9891,6290,9167,9454,7350,9863,4233,5690,4546,9370,9675, 447,1475,8549,6904,3884
 8582,2650,1884,3288,7848,5821,6556,6705,1576,5180,1648, 954,7112,7705,5541,4498,9689,4694,2671,1526,5251,7973,5347,9502,8937,8407,6189,3847,9010,2996,4868,1859,9602, 898,5972, 810,9902, 311,7443,2376, 144, 787,9513,8906,8942,7250,1612,9240,5322,7052,3882, 964,4285,1866,9504,7143,7147,3320,3097, 250,7294,2411,2335,2982,1575,1893,7015,2946,9948,7226,2807,5590, 782,3947, 712,5629,3284,7690,1350, 143,2779,3276,5628,7012,5468,4016,6567,4927,1114,5636,6493,4722,6833,4143,  50,8090,8878,9170,6162,2603
 4282,5419,1938,  87,5234,4592,5482, 531, 582,4118,7261,2082,4744,6592,5503,9056,6685, 334,8138,7060,6786,6938,1235,9990,3296,9354,4687,1234,8306,4148,7468,8599,7196,1349,5707,1803,9278,2141,9371,1568, 616,6901,9377,3644,8420,5828,7158, 392,2179,4452,4788,7107,7373,6420,4703,8082,3127,9989,6502,6922,6415,1801,8756,9878,5372,8331,3282,8616,9161,6894,6820,9672,2557,7830,3951,3013,1622,6318,3529,7889,5145,7617,8071, 201,6979,6126,5203,6798,3304,4516,6091,6694,3463,1312,3242,7539,5571,3825,8959,6195
 5709,6123,6014,6229,1544,2805,7367,4386,1830,6882, 317,2486,4464,1709,6686,1124,1244,7587,5553, 574,3437,6977,1518, 781,1961, 907,5476,9610,9248,,2,3123, 322,2221,8335,6130,9159,7528,1250,7460,3130,4883, 228, 195, 553,8404,9166,2955,5717,8376, 354,8518,1418,6431,2724,5854,9560,7017,8089,1467,9031,2100,2479,8193,7327,9444,9657,8626,4126,8918,7753,4783,3215, 904,2879,5900,3233,8378,8105,3322,3604,9255,3953, 650,9189, 246,7685,4117,7032,6641,9200, 368,9048,4537,7610,7176,8819, 988,2363,5580,9879
  270,5411,5375, 381,8066,5391,4032,8092,4563,2134,5104,9045, 884,5634,1444,6509,4499,1201, 448,8442,1269,8019, 454,7040,2117,2156,7696,9158,9261,6045,6654,9532,5362,6730,2956, 942,5516,3449,4443,7525,1966, 194,6742,7515,4084,9266,7756,6893,7713,6990,7186,3720,3594,1506,3566,2990,5314,5300,9535,4845,8391,8498,8557,5118,1636,8659,1828, 304, 434,8232,6858,4874,4337,5672,5453,4103,3456,7134,8666, 946,7999,3029,8629,1726,9875,6469,1594,9406,6414,5946,8857,1407,3398,5700,8079,8841,9543,5956,9267,4697
 9576,1945,7091,8480,6099,9800,6028, 408,7034,1998,1957,7249, 274,5015,6406,1112,9898,7857,3837,1752,9932,2786,2154,5004,9519, 570,2829,9014, 624,3849,3687,2160,3507,8882,5125, 263,5915,9311,3399, 639,3661,5762,7891,2681,4715,1394,8270,1986,7637,9882,1799,8107,9400,5706,5388,9202,1221,1627,1613,4206,4635,6073,9334,3869,1940,2217,9124,1512,5939,2837,9956,2756, 424,8587,1436,4828,9688,5518,8519,6928,3542,2640,5063,4523,9027,7747,8027,1897,2921, 818,7126,2176,1654,4659,8766,7559,4813,3940,7093, 860
 4071, 735,6176, 430,9035,3977,8928, 851,2556,8521,1152,5472,7938,7265,2281,6250,7393, 577,8223,4471,5920,2080,6276,8323,6031, 343,7295,7195,7605,4091,3002, 516,3163,1293,7448,9710,2031,2565,1011,4683,2894, 560,1079,9849, 939,3558,2251,5827,8234,3179,9322,4709,5711,4839,2042,7811,8823,1883,7194,6050,8180, 728,2114,9617,9856,4201,6557,3381,1445,2672,8151,5021,6700,5842,2406,4469,1049,5546,3472,4129,8244,4863,7533,2059,5730, 527,7235,9749,6284,3732,8884, 758, 541,4624,4701,6744,2932,8463,7199,2763
 2758,3629, 766,5568,6281,3592,2797,6912,7205,6457,3232,8358,3136,6676,4576,9207,3416,3596,5769,7449,9044,2545,7334,7344,5588,6339,1933, 114,5969,2002,4061,5892,8175,7142,4960,8547,7480,5420,6741,8542,6247,4179,8364,4946,9589,5127,2390,5718,1681, 864,9769,6496,2960,7797,8039,7697,2072,9619,9382,1289,7743,1559,2817,9920,2863,1963,8941, 979,4024,3178,8891,1025,9173,8590,3452,7571, 989, 833,8195,5644,5267,6405,5780,1294,6620,1449,5359,4374, 917,4679,1767,9573,1392,4326,5193,7837,3336,8746,5350,9656
 5610,2381, 779,1345,  14,4769,1787,8486,5163,6974,3116,2288,1733,8734,5871,8321,3122,3488,3052,1047,1996,9148,1016,6615,7248,2258,3650,1087, 658,8375,5904, 503,8753,8108,5215,1660, 747,8898,3106,4784,2034,8500,4560,8456,1304,7928,9797,4521,5925,7626, 307,5891,1772,8226,5682,6007,7799,9987,9078,8893,3075,3026,6465,1154,7384,3734,8810,1872,1042, 181,7508,8694,1763,4591,8888,3753,6439,1854,2155,1292,8956,1646,7729,6937,2489,6748,7584,6605,5035,2881,3083, 132,3796,7178,1018,1980,3183, 121,8632,2549
 5447,7380,3469,6149,2113,2283,5664,3671,5795,9766, 387,5266,8139,3985,6373,8820,4034,1189,7085,2490, 940,4280,3364,5724,5562,3641,2101,3267,1989,7842,2332, 687,9604,5321,2505,2511,3118,6297,3931,8353,5278,1565,7363,8994,1090,6218,2533, 493,3820,7936,5549,5519,1878,6285,8885,  49,5594,7310,8290,5817, 826,3289,2572, 117,1765,6795,7649,4023, 557, 431,3611,6085,9244,3865,6133,5116,8591,9910,3838,8634,6986,9315,4060,3141,2773,5975,3698, 380,4367,7878,5743,9274,3261,6328,5025,4926,5046,9624,9802,3546
 1194,4431,1010, 294,1144,2744,2245,1679,2741,9542,6823,6462,5574,2985,4294,5872,4236,5092,4767,2936,5898,1583,4393,1140,2973,9492,3535,9711,9609,  25,  35,9473, 433,9821, 605,  84,9658,4169,1081,9497,7094,9547,6154,7643,6618,4899,3676, 737,,7,2963, 272,4854, 521,7926,3665,2535,5837,6550,4363,4941,5927,1901,4134,1378,5575,3428,3626, 775,8086,6064,2377,8869,7818,3481,6475, 471, 485,7255,5296,9820,4708,2700,1926,9457,1291,2971,7840,7570,  22,4453,5528,3297,7224,4463,8912, 221,3675,9721, 852,7011
 3541,2168,  96,5291,2573,6541,5739,3455,7277,4686, 823,9420, 537,8705,1873,2951,3702,5545,5213,1792, 191,4684,1760,5058,5128,7543,7594,3552, 223,9194,8796,5501,2400,2339,1446,9911,6131,8980,3844,6530,3672, 875,8181,6400,5882,6128,4436,9465,2394,3016,5630,6852,2356,6157,4995,8574,5289,4629,9896,6393,2491,7934,3603,1603,4898,2663,2375,6799,4373,5971,1995,1918,8605,6989,8171,8023,4000,7990, 698, 539,5475,3994,2843,7839,3790,2070,5270,4072,2594,2941,6606,6077,5461,3527,4224,3152,3432,6739,9637, 590
 3405,7521, 220,8718,6963,4351,4586,7339,6335,3727, 127,4410,5617,7847,5140,8748,2184,9965,6084,7087,5535,4449,9386,9489,7709,3343,2587,5981,2785,1137,4035,4720, 871,1019,1441,3235,9635,1379,7552,1487,1092,3263,1941,2703,8670,1769,5243,9873,6762,4164,7735,4705,5065,8036,5999, 488, 870,9450,4685,9631,4163,9819,3938,4358,3697, 604,4302,7022,3824,7260,5099,6203,4253,6633,4429,8278,6396,5246,7744,3056,8849,8050,  12,7471,1587,8395,6341,6160,1210,6088,1696,5599,2616,8190,5499,8388,9219,8628,8754,2036
 3065,7128,2240,7595,6000,1942,7427,4548,1335,3913,6724,3733,4772,4702,2287,8510,6896,3964,7434,1962,3829, 502,9744,1174,5785,5242,3050,5906,8026,6879,9442,8457,  81,9536,5677,5595,4478,9017,1299,9112,1451,9785, 666,7029,2659,1492,6772,4905, 395,6441,2759,8682,3786,5149,6643,6522,6348,5836,6087,5330,1430,4569,  73,7814,5483,6806,7845, 973,2602,2740,7179,6853,4509,7103,1059,3121,3138,7604,4172,7222,1064,7289,8876,8516,6243,7168,3751,6249,2906,1715,6009,6778,7904,8730,7731,4737,7202,7873,8440,1450
 1271,2707,1320,3718,3763,3324, 676,4567,5679,9380,8540,9011,9577,5370,6470,1366,4308,7020,8479,7283, 484,5152,5513,6735,4625,8470, 947,4682, 865,4315, 738,2854,  15,1147,5748,6048,8336,8497,7865,2429,3193,3654,2525,7321,7495,9043,7813,4607,6051,3769,4460,8779,2585,7719,2685,9374,4749,5182,5815,6401,4304,9246,5371,1495,2514,7484,7253,9615,6854,4673,4663,6574,7961,4793,8276,3079, 727,9269,3971,5705,4534,8037,7882,5325,4557,5103,6965, 404,9630,2315,7254,1719,4725,2626,5534,8529,8408,3853,3474,9050
 4392,9319, 280,2299,3262,8584,7583,9459,5316,4229,4356,2515,4616,1086, 699,5009,3352,6271,7446,3096,1302,9517, 593, 785,8812,8637,7582,9321,5526,5846,7137, 575, 295,9694,7536,4787,5126,1662,1571,3544,7064, 164,4637,9176,6155,9234,8091,5498,7905,8280,2637,1782,1368,9595,8757,8423,1365,3968,6917,7911,7910,6913,3196,9341,8736,3851,4620,8058,2687,1784,1326,1251,1328,9806, 949,3678,7520,5542,4922,7174,1012,8525,7502, 596,3843,6851,6660,2769,9976,6998,5110,6304,6577,2792,8044,7985,6212,3927,1585,4714
 2280,8833,8739,5282,4566,6089,5962,4059,2233, 203,8563,1525,1973,5155, 299,4390, 820,2845,3319,1642, 122,9955,2688,3901,2827,1618,6828,8231,8649,4953,1105,4152,6277,2636, 173,3575,7404,7526,8286,2367,1231,8205,1185,5614,1813,7193,5276,8101,4388,9265,1002,7855,4380,9132,3639,8106,5944,5429,4589, 817,9516,9597,8866,9935,5902,9826,2230,9144,6232,2435,5010, 509,5191, 210,4389,7278,1439, 388,4660,5146,5683,5445,1056,2532,7585,8150, 960,4998,4005, 339,2884,9003,4861,3315,7805,3087,  32,9340, 587,6956
 5433,4823,1425,2295,9545,9034,2752, 420,2461,1635,1295,2521,,5,5240,4136,3758,9687,4781,1459, 773,7291,3365,4289,6013, 776,8595,4165,7172,1199,5841,5816,7532,6167,8802,4815,8602,  75,8904,1058,6008,2882,9093,3508,9264,3503,9758,8053,2395,1001,8147,5286,2788,1536, 234,6770,1093,4520,  33,7967,1277,6460,7677,2502,9452,2369,6810,1693,8897,6832,9141,6221,9832,2670,5022,2911,9483,2608,4734,4240,1035,2947,5287,7311,9136,2654,8328,9991,3218,2438,8786,8169,5109,6984,7397,1401,1448,9000,9964,2847,9524
 8049,3669,4562,6116,2188,6349,4047,7949,9156,4619,8133,8968, 302,7864,8771,7043,8625,1488,1925,3897,5881, 119,9746,3995,4081,7290,6596,5210,8560,4601,1259,5487,5227,7285,4790,,4,8379,9645,2425,4160,  39,7576,9755,4076,1789,1318,7383,2423,7244,5583,9899,9062, 636,8624,3222,8752,1748,6402,3366,9405,6178,9116,5018, 945,2924,5877,5957,9434,6723,5290,8535,1043,2373,9974,9139,4497,4167,9301,2228,3149,4202,6175, 648,9431,9930,4339,1005,6347,1959,3944,3042,6845,9013,7824,6481,8976,3976,6602,8001,3134
 5597,8455,3624,3610,3255,6345,8229,2680,9317,7551, 731,5332,8394,3199,9608,7831,8822,2416,1671,6289, 398,6231,1861,9708,8174,5596,9761,3210,9260,7708,7396,6081,6537,9232, 146,6784,6658,2060,5935,7742,1127,2368,5308,2118, 618,1393,8316,9844,2256,3148,1155,8070,5658,9712,2162,1890,4095, 331, 891,8351,6215,2426,1457,  45,7417,4210,4803,9252,1411,3948,1469,3402,4739,5444,4993,9067,1108,4640,4133,2342,2269,1984,4912,4427,9764,2144,7935,7320,4842,9716, 321,8499,8204,8939,2686,  47,1651, 880,8397,1981
 2728,6720, 178,1163,8303,9426,3390,8468,3666,1549,7717,4892,6114,8749,6566,2499,1871,4291,1615,4593,3327,7425,1838,2937,4777,1840,4862,2216,6916,9182,8934,1172,  31,2300,8984,5560,4970,2705,2413,1406,8013,2328,7657,9172,7405,1597,3308,9571,8797,3435, 532,6090,2316,3916,8985,4860,4391,2270,7018,7782,9289,8988, 816,6455,4943,5409,6397,7223,6174,6635,2808,6456,4588, 690,5782,5283,9225,3909,1677,4965,5471, 594,7257,5403,2615,6765,2025, 101,8559,5994,4191,5398,2839,4555,2208,5446,7233,2130,4978,2433
 6416, 554,2980,6041,1303,7433,8257,8162,2588,2923,5809,6392,1121,2345,7884,1343,1017,9270,5038, 752,9508,4730,2706,2723,2095,5784,7444,9275,2125,5317,  86,7850,7375,8738, 134,7078,8366,2294,4945,8782,4657,2764,3058,8273, 671,5921,4643,8826,8630,1142,2790,1821,8277,9125,6134,2965,9683,2628,9298,7389,6136,2241,5977,1728,3855,3420,2647,1515,7823,6369,1958,7399,6403, 675,1402,9642,7352,9993,2771,3236,3662,3969,4538,8806,5830,6311,1033,6734,5312, 996,4009,4761,4330,9165,3754,3100, 850,1460,9328,4266
 7216,5134,3495,7304,6513,5408,4010,1216,7299,5187,7204,6316,5687, 393,1661,1880,7765,4288,5122,8398,2437, 981,9598,8333,9020,1507,8199,5237,8800,8239,3564,6076, 273,9162,4494,5727,7273,9082,1032,9539,6821,4149,1061,9100,1554,1690,2022,1569,7081, 115, 563, 506,5048,9456, 660,8508,3811,3920,5415,3605, 761,9227,5931,2855,6952, 232,8770,9030,1920, 240,8570,9669,1187,1751,2598,3188,6030,3125,3816,3171,8413,5702,8569,8000,5384,5039, 401,3483,3987,7013,5959, 725,8611,1667,7353,9235,7940,9164,9022,8992
 8794,2836,6524,2824,1031,7402,1564,6713,4977,2314,9075,6873, 806,8222,6124, 379,5212,7942,4300,1619,9422,9196,8844, 674,4078,1810,4451,4306,8773,3158, 990, 452,3446,2754,7054,4937,2252,9178,5757,6933,8524,5324,2791,2355,2421, 481,9773,6611,6272, 784,5937,2831,7228,1241,6293,7418,8188,4476,8414,5394,2430,1582,3841,4038,6158,8922, 538,9054,7231,5529,7342,1706, 843,4806,3380,6495,2174, 265,8230,4068,9218,7184  10000,4528,5226, 482,2730,6982,5260,7309,5079, 654,9500,5284,8434,8085,6844,8272,8502,7929
  771,2655,9190, 367,9108,7917,4248,3917,7252,1540,5333,8824,3368,5209,3704,2137,4503,8028,2303,4108, 229,4565,6674,5510,7980,9511,6040,2115,1353,7382, 678,3340,2153,5783,5632, 457,1133,1179,2988,5712,9741,9937,6054,3513,3902,2338,3078,1826,7307,2536,8102,3695,1542, 199,1502,2152,6886,3055,6889,6467,6780,2301,9812,4184,2725,5423, 659,9498,3032,1410,4177,5686,9241,8161, 544,1848,2493,1650,7694,5835,2243,9791,2030,9760,6870,3312,5159,9501,7631,7328,5165,4746,5692,9299,3071, 902, 682,9903,  21,9296
  620,1131,5068,1561,7146,2431,4770,8327,5544,6971,1547, 363,9033,2385, 863,8264,8765,6256,6464,6453,1027,3776,5111,6624,5168,5540,4379,5454,7148,8406,9950, 355,5874,3108,9102,6062,9209,8373,7680,7646,1243,4876,6346,1053,3658,9326,5761,9486,8825,6056,6121,5456,3037,5635,2456, 370,6599,8042,9754,7300,6895,5652,2814,3109,1420,7907,8436,4691,5856,8124,6855,2885,6940,8043,6888,9350,6847,5738,5392,9475,2597,3092,9310,3334,1099,6973, 366,3265,7810,3655,1532,3972,7852,9647,5220,4011,4755,4871,1852,9975
 9191,7454,6327,3479,8665,1440,1106,7841,2010,4316,3747, 540,5808,6451,9588,4738,8473,2350,4754,7140,2212,4972,8737,2467,7162,8742,7030,6332,3999,5857, 325, 997,3885,1454,2986,1088, 489, 501, 462,8491,6141,2193,8726,1039,1566,8916,6398,3921, 351,5866,9900,2366,4336,4268,3785,6756,  55,7099,5601,4962,6693,  46,3958, 769,9363,9389,1624,4707,2170,1928,7624,6161,9651,5148,7400,7069,  68,5873,9583,3346,8214,6999,2952,4262,5208, 567,7479,4502,6514,2760,8055,1307,9349,4019,7129,9046,3460,5894,5452,2309
 3294,2787,6291,3887,2329, 606,1024,4698,1336,9342,5678,5337, 792,1563,1226,6186,2589,7008,5834,9641,1665,3379,4472, 740,4269,8160,5185,2447,2580,4626,9613,7401,1982,5811,6682,8040,6869,5067, 697,9909,9471,3793, 375,8056,9065,5196,8892,3348,6023,7019,5013,3812,2664,9413, 938,1247,2727,1258,1276,9931,7939,3372,3588,1783,9941,1438,7642,4579,3395,2399,3316,4258,6824,6404, 309,8021,4293, 980, 227, 316,3856,6267,9423,1074,7048,3551,3401,3098,8504,7318,7914,3060, 592,4246,9131,2358,6384,6428,4348,8683
 6103,8546,2119,7702,8872,3400,1927,4446, 732, 837,6139,4508,2202,6223,9544,9707,7579,1301,1970,4001,8708,2027,3145,8648,6098,3991,4175,6422,7691,8691,4805,7627,7785,3151,7047,6944,8392, 626,8136,4991,6312,6499,8256,3362,8967,3949,5402, 402,9224,4065, 259,2632,2989,7136,2419,3896,3069,5108,5367,6379,4910,3514,6792,2011, 700,2273,7004,4203,4122,3024,3894,9739, 510, 617,9294,1913,6368,4439,4113,3831, 691,3487,8724,9038,3630,5974,1148,5089, 421,7213,2181, 716,9756,1422,1834,5351,6774,8740,6570,8512
 7959,9098,2262, 608,6127,8745,5791,9859,1543,5988,3870,8654,8911,1158,3677,9601,9738,6425,7578,1129,2150,8642,1875,3960,1066,3608,1037,5850,8880,9717,4821,3126, 858,8012, 982,5361,9886,7131,5640,7114,8072,1888,4653,6544,1570,9509,2289,2163,7903,5054,3067,6115,1844,9032,8863,6969,  28,8645,2041,7825,5457,8579,8719,2897,2551,4710,9436,2748,5019,1434,3447,4594,1766,7010,2393,1045,3159, 673, 729,1315,1999,2858,4144,6385,5916,3893,1097,9778,3467,5547,1846,2201,9958, 525,2032,7111,2215,5421,1423,9077
 5879,4614,3391,2382,2357, 504,3492,9907,9714,1577,6907,6617,7472,2857,7639,3762,7276,4102,4066,3792,9673,5295,9652,2892,9979,7560, 184,6827,3981,8487,1863,7044,4888,6024,1228,2721,3784,1330,6846,7366,8372,2838,9867,5124,5643,8482,5653,9015,9484,5998,2102,5005,3536,8119,6235,1904,8357,2596,6019,9653,5982,4886,7674,9121,5113, 456,1892,8688,7442,3530,6129,3956,2909,2821,6622,5050,3102,2692,2272,7817,7853,4195,1691,8923,1977,8369,2641,4921,7288,5041,8523,2691,3589,1912,2135,7954,1842,4992,6871,5504
 5073,8689,7312, 744,1673,3099,2953,7116,5374,6222,2471,5341,2869,7860,5406,2539,2834,4884,1044,3093, 748,6390,4796,7714,2732,6749,6925,1052,7835,1858,1122,3475,7562,4275,1808,1125,6156,9922,5654,7858,5556,6883,9016,3782,4735,6523,6360,8471,2798,6728,2231,2860,4245,4166,4840, 857,7546,9905,5258,6003, 174,8166,4951,4116,  98,7486,1606,2569,4952,2274,2138, 959,1670,4221,7497,5082,1342, 446,5123,2925,5766,4603,7049,9081,2530,6492,7088,3349, 840, 133,2998,6505,6376,7370,9988, 168,1797,3862,8405,6310
 4919,8465,5710,3651,3313,3595,8914,6941, 702,5441,5355,8113,6135,7293,7776, 911,7794,6394,3992,9192,9634,9216,8589,7065,2846,8657,1190, 535,5490,5147,7633,1051,9628,1780,4950,9772,8354,9071,4212,6992,5143,1794,9084,2305,1134,4171,2312,2033,1663,8695,8170,1322,4721,6240,6391,4369,5397,9505,6069,8014,5908,3810,6581,2966, 358,7789,1279, 757,5593,9727, 333,8422,2713,5318,9143,7333,7302,4776, 418,8127,4689,4375,5066, 212,3211, 588, 297,1437,2386,6264,6516,3010,3668,5778,5294,9384,  48,6707,5305,7862
 9074,5024,8431,3286, 630,3858,1932,4404,4241,8077,8158,1115,3583,9723, 821,4809,1737,2244,8978,8687,3140,2121,4104,8775, 894,9961,9247,2591,9580,4303,7092,6932, 243,7023,5223,1530, 694,9390,6359,4317,2171,7033,5609,5136,5693,1934,9690,3919,3119,9788,7921,2094,9854,7461,3377,5435, 177,6283,3247,1908,2665,3914,4529, 118,5901,5176, 706,3344,3805,2832,7997,1036,8735,3562,5094, 573,9472,4070,6656,4287,5845,1180,9152,6344,7728,3353,8262,2667,5511,4456,8925,4474,6483,2441,7123,1511,6171,1552,9404,2296
 2454,3220,8762,3601,3580,3311,8352,7759,8025,8940,1213,2789,8212,7492,1562,4728,9870,4092,  69,6623,6032,7986,7888,4501, 436,4759,7005,3356,9912,3746,8875,7522,1722,7537,7408,8064,8126,8429, 933,5792,2500,1735,2944,6863,3164,9373,7491,8856,2055, 611,9866,4416, 890,3756,2487,8342,3516,8207,2120,6233,3649,2949,2405,5703,5029,9468,9765,8063,7749,6096,2656,8359,3174,6757,8421,1486,4013,9179,2194,7247,3011, 478,2811, 258,4638,9188,2149,1360,2718,1778,2322,4519,1029,2696,1686,4244,6655, 876,1742, 252
,71,9592,6760,7703,4137, 834,1178,4232, 156,6261,4893,7732,2485,5477,3172,9309,8186,5558,3780,2890,3766,6892,7362,5327,5758,6562,9830,8993,4700,8931,9784,3799,6177,5494, 704,8948,6173,8008,8577,7337,3773,4791,6553,3922,6198,3631,9729,1965,5734, 670,3001,6498,2584,9474,2529,1282,2981,9795,4237,1458,1626,6300, 198,8751,9453,3613,6697,9297,2409,6010,8614,9358,9113, 956,4124,4789,6450,9263,2969,2935,4621,8368,4012,4695, 872,4080,1876,8871,4007,4022,1069, 794, 689,1853,5426,7056,2646,5989,9418,2815
 8400,7802,7009,2146,2800,2803,8895,8874, 330,5813,  85,2674, 986,5675,3471,8561,4423,5281,1839,4261,3413,1477,5922,5509,3434,5740,3582,5497,1404,3059, 603,  37,3246,8018,2348,6144,3759,3014,5645,9440,4079,5829,9388,7727,5263,6539,6672,1466,,8,9552,1338,9850,4189,4924,3652,6597,4075,3802,2693, 628,5530,6421,5708,2746,3569,8714,6029,8873,4128,4847,7616, 663,6108,2777,2501,9329,5868,6841,4584,9525,3673,9779,4849,2408,6015,2182,4334,9276,6234,6607,1334,5838, 809,6504,7734,4025,9810,9160,8601,9625
 8743,  65,6750, 764,9049,2673,8581,2496,7207,9122,2191,7356,4243, 529,4920,3818,2812,5990,4944,7227,5924,5173,6876,7686,6899,2712,5701,6282,6500,1054,4382,9313,4758,1003,6355,2682,7237,4515,9934,6259,1548,4696,9906,1625,2263,8619,2306,8763,4966,9117, 226,4835,6132,3800,2069, 135,9921,  16,8580,6494,7565,6942,3006,4057,7700,4510,2116,3832,5244,8801,1028,1021,2075,6898,6466,2064,5164,4368,6905,4867,9709,7661,2968,6410,7110,6004,4916,1513,6181,3259,3430,2047,8308,3721,4459, 623,2320,3480,9256, 868
 2298,2334,6555,2006,6565,4856, 468,7706,9679,3643,7689,1930,5248,6954,1103,2307,3486,4265,  43,9259,8206,5603,5505,1000,9833,3318,7667,5543,1413,9719,3593,9926,5172,6627,1684,1193,4929,3757,3248,2475,  17,1223, 405,9924,2697,2542,7611,1647,1296,9644, 219,5299,9953,4234, 341,4283,4003,5012,4063,7275,3768,5896,5508,5129, 374,7861,3854,1333, 464,1916,4112, 914,5745, 356,3195,9110,4878,8699,5175,6270,4101,3114,9089,8464,2106,9835, 111,4496, 975,3935,9799, 669, 285,1631,9080,1325,9713,4480, 653,7450
 1500,3742,5174,3272,3073, 920,1896, 790,8415,5467,5940,6902,2520,8452,4082, 619,2668,4775,2922, 847,6386,8926, 662,3333,3772,5114,9352,4649,9120,9681,5964,4252,8652,7490,2483,8803, 629,6782,9692,6150,5722,8578,6923,7588,1281,4609,4406,6043,7319,3683,2825,5728,4276, 552, 861,7711,7240,1902,1843,4870,8164,9783,2051,2255,4182,4174,3025,9901,4741, 275,8814,7027,8837,7263,9292,2710,3736,1953,1479, 705,7214,8793,3161, 751,9203, 205,4808,3444, 407, 186,5412,2465,8592,1731,8275,7264, 171,  10,2372, 762